0.8558947368421053
0.969521052631579
0.9842263157894736
0.8690157894736842
0.9444894736842105
0.8002315789473684
0.7484052631578946
0.9540526315789475
0.9780894736842105
0.663621052631579
0.5413105263157894
0.35187368421052634
0.38905789473684216
0.6042842105263159
0.49508947368421047
0.24463684210526312
0.6346210526315789
0.7419526315789474
0.1698578947368421
0.423678947368421
0.7246789473684211
0.5602894736842106
0.46377894736842107
0.8000368421052632
0.43655263157894736
0.5948684210526316
0.9855421052631579
0.993063157894737
0.8859263157894737
0.9626105263157895
0.6966052631578947
0.9035105263157894
0.8216789473684211
0.8537736842105265
0.9296789473684209
0.6547210526315789
0.8004473684210526
0.2987473684210526
0.3911631578947369
0.6256684210526317
0.2401578947368421
0.6204210526315789
0.8485526315789473
0.8111631578947368
0.876057894736842
0.8855631578947369
0.9684315789473685
0.9088947368421053
0.9206894736842104
0.9430421052631579
0.6379473684210526
0.8221684210526317
0.5559999999999999
0.8687105263157894
0.2856631578947369
0.34787368421052633
0.34078421052631586
0.9269421052631578
0.8155105263157895
0.8980684210526316
0.9893947368421053
0.7122578947368421
0.8095105263157896
0.5877947368421053
0.34587368421052633
0.3488105263157895
0.6301
0.8154894736842105
0.34840526315789466
0.6195
0.8277473684210527
0.8009842105263157
0.7336
0.7946684210526316
0.9228368421052631
0.9927526315789474
0.9855684210526315
0.8809473684210528
0.8970421052631578
0.8525315789473684
0.4759684210526316
0.2652473684210526
0.22656842105263159
0.6286789473684211
0.4348526315789474
0.17908947368421052
0.1603736842105263
0.5383684210526316
0.1849263157894737
0.7997315789473685
0.21618947368421051
0.4557894736842105
0.35839473684210527
0.7749526315789473
0.2047421052631579
0.5913
0.9853631578947369
0.9081789473684211
0.9800263157894739
0.6129736842105263
0.8134105263157894
0.7419578947368419
0.7799894736842106
0.734021052631579
0.8423526315789474
0.2250842105263158
0.31232631578947373
0.2526842105263158
0.5624684210526315
0.5779578947368421
0.3366105263157894
0.27997894736842105
0.6260526315789473
0.5822736842105263
0.18351578947368422
0.37249473684210527
0.8526631578947367
0.955521052631579
0.9742789473684211
0.7562631578947367
0.9355368421052631
0.8675368421052632
0.8714526315789474
0.7023052631578948
0.837278947368421
0.8017526315789473
0.9733473684210526
0.43536842105263157
0.2323263157894737
0.227221052631579
0.46171578947368414
0.5963315789473684
0.8128684210526317
0.7095842105263156
0.7573842105263158
0.8596473684210527
0.9794368421052632
0.9966210526315792
0.5824578947368421
0.7714105263157895
0.9903578947368423
0.8951684210526315
0.9469473684210526
0.9504421052631579
0.7877894736842105
0.9525210526315789
0.6840315789473683
0.47736315789473677
0.27850526315789476
0.38052631578947366
0.23794210526315784
0.4349052631578948
0.7744473684210526
0.8088894736842105
0.7100052631578947
0.8099263157894738
0.7753947368421051
0.9011105263157894
0.9658105263157895
0.9795631578947368
0.7612368421052631
0.8994105263157897
0.9444473684210527
0.8394421052631579
0.306
0.12777368421052634
0.6680157894736842
0.27007894736842103
0.3042578947368421
0.15443684210526315
0.14817368421052632
0.13256315789473683
0.17366842105263158
0.16725263157894737
0.2763473684210527
0.22078947368421054
0.6629368421052632
0.27683684210526316
0.5779578947368421
0.8801052631578946
0.18442631578947366
0.9205684210526316
0.9328052631578947
0.4269421052631579
0.6232
0.6400894736842107
0.3513
0.5168105263157894
0.31764210526315784
0.7734631578947369
0.32765789473684215
0.1812105263157895
0.2584105263157895
0.9093631578947368
0.6196526315789473
0.7523105263157895
0.17431578947368423
0.17707894736842106
0.23682631578947366
0.3293842105263158
0.2822842105263158
0.24373684210526317
0.32600526315789474
0.7989999999999999
0.5958947368421053
0.15906842105263155
0.3187684210526316
0.2693
0.2976578947368421
0.17434210526315788
0.8694
0.12275789473684212
0.5428842105263157
0.20447894736842107
0.09863684210526315
0.28181052631578946
0.45043684210526314
0.15292105263157893
0.19629473684210527
0.2715157894736842
0.17694736842105263
0.3672736842105263
0.1515736842105263
0.1654578947368421
0.2279263157894737
0.2926578947368421
0.2723842105263158
0.13472105263157896
0.2499
0.18930526315789473
0.6415157894736843
0.6558105263157895
0.18163157894736845
0.7061000000000001
0.764921052631579
0.4315947368421052
0.23957894736842103
0.7181052631578948
0.8885947368421052
0.21467894736842105
0.2642263157894737
0.886878947368421
0.8268052631578947
0.34722631578947366
0.8718842105263156
0.8928842105263156
0.609878947368421
0.6479
0.6133315789473683
0.47005263157894733
0.8577736842105262
0.7160473684210528
0.702742105263158
0.8972736842105263
0.9112
0.8514315789473685
0.9182421052631579
0.9640052631578948
0.9917736842105263
0.9877473684210526
0.8908263157894738
0.9979
0.9660842105263158
0.9201526315789474
0.8513315789473684
0.8853157894736841
0.8111842105263157
0.8242105263157895
0.3250315789473685
0.7663315789473685
0.2764947368421053
0.3134315789473684
0.24694210526315788
0.47054210526315793
0.36528947368421055
0.2705473684210526
0.16365263157894738
0.18677368421052631
0.2479473684210526
0.14376315789473684
0.5698157894736843
0.3284421052631579
0.7726473684210526
0.6497473684210526
0.9181263157894736
0.9396526315789474
0.8038052631578948
0.7319157894736842
0.9550473684210526
0.6396526315789474
0.22992105263157891
0.32543684210526314
0.8311789473684211
0.5483631578947369
0.9853315789473683
0.5930421052631579
0.16113684210526316
0.6438473684210526
0.9116263157894737
0.5962684210526316
0.3926210526315789
0.8679631578947368
0.9053684210526315
0.17505263157894738
0.43835263157894744
0.7797526315789474
0.4399842105263158
0.7785736842105263
0.41685789473684215
0.9521368421052631
0.2691368421052631
0.7293947368421052
0.7280947368421054
0.15355789473684212
0.8389736842105263
0.21892631578947364
0.15649473684210527
0.27080000000000004
0.43551578947368424
0.8527526315789472
0.4597052631578948
0.19452631578947369
0.37029999999999996
0.7310315789473684
0.38817368421052634
0.36661052631578944
0.8378578947368421
0.8592631578947371
0.3201526315789473
0.30564736842105267
0.7984
0.970078947368421
0.797621052631579
0.7670736842105264
0.9922421052631578
0.6947157894736842
0.9071789473684211
0.8881947368421051
0.8394315789473684
0.9704526315789475
0.8928789473684211
0.8687052631578949
0.6975736842105262
0.8266315789473684
0.8311105263157894
0.6995421052631577
0.6008736842105262
0.7664684210526316
0.7585631578947368
0.41725789473684216
0.573921052631579
0.8690842105263158
0.3400631578947369
0.2774736842105263
0.2899473684210527
0.661078947368421
0.5178052631578948
0.6152263157894737
0.5970157894736842
0.8666578947368421
0.8336473684210525
0.8915052631578946
0.8733157894736842
0.9892631578947366
0.9836368421052631
0.9871105263157894
0.8787157894736843
0.998042105263158
0.997642105263158
0.8412421052631579
0.6360736842105262
0.7957526315789474
0.9857894736842105
0.9762526315789474
0.7700736842105264
0.923884210526316
0.948042105263158
0.5895947368421052
0.4540631578947368
0.8312421052631579
0.5717473684210526
0.3460421052631579
0.2716157894736842
0.2516
0.23798947368421056
0.8304947368421053
0.3130894736842105
0.2641210526315789
0.9371052631578949
0.8188157894736842
0.32640526315789475
0.7267368421052631
0.9141473684210526
0.8059473684210525
0.252021052631579
0.7953473684210527
0.8742052631578949
0.6679526315789474
0.36001052631578945
0.9123789473684211
0.9949842105263159
0.7518052631578949
0.7777105263157895
0.9723842105263159
0.8127894736842106
0.990021052631579
0.9593842105263158
0.6116736842105263
0.6812263157894737
0.8279631578947368
0.4281526315789474
0.46743684210526315
0.8386368421052633
0.8310842105263159
0.9876526315789473
0.7898947368421053
0.9618315789473684
0.788357894736842
0.9851736842105264
0.9668000000000001
0.9357473684210525
0.9886894736842106
0.6485736842105263
0.4403789473684211
0.9017000000000001
0.6911052631578948
0.5952631578947368
0.8152263157894736
0.7884684210526316
0.6894526315789474
0.505821052631579
0.815778947368421
0.3296263157894737
0.2730157894736842
0.25191052631578953
0.4822736842105263
0.8630473684210527
0.2464684210526316
0.8897526315789474
0.34235263157894735
0.2235947368421053
0.49308421052631574
0.43832631578947373
0.9749368421052632
0.9938052631578947
0.4098315789473684
0.7641736842105262
0.8469421052631578
0.9886052631578948
0.38200526315789474
0.6226736842105264
0.9261473684210527
0.26248421052631576
0.2553157894736843
0.2712842105263158
0.17300526315789475
0.4706631578947369
0.8224578947368419
0.9622473684210527
0.2798
0.43881052631578943
0.8354315789473684
0.8166947368421054
0.8223631578947369
0.9719736842105262
0.5065578947368422
0.9854368421052631
0.9356947368421051
0.9296789473684212
0.9647842105263158
0.9164473684210527
0.985684210526316
0.9381473684210526
0.7523842105263159
0.5892947368421053
0.5080526315789473
0.19032631578947368
0.40335263157894735
0.21033684210526316
0.6641473684210527
0.8889263157894738
0.7205315789473685
0.23061052631578946
0.3767736842105263
0.7573052631578946
0.4823842105263157
0.27028421052631585
0.291578947368421
0.5637315789473685
0.2528684210526316
0.10259473684210527
0.26034736842105266
0.7476947368421051
0.2730947368421052
0.2977947368421053
0.13123684210526318
0.23549473684210528
0.5741947368421053
0.18206842105263157
0.15511052631578948
0.5690736842105263
0.14153157894736842
0.1579157894736842
0.22111578947368415
0.8483210526315791
0.2672157894736842
0.317378947368421
0.4521210526315789
0.3340894736842105
0.9699000000000002
0.23174210526315792
0.5990315789473685
0.7870000000000001
0.9735789473684209
0.7045052631578947
0.7005736842105265
0.5548631578947368
0.7566052631578948
0.9354210526315792
0.3017631578947368
0.3759578947368421
0.9504473684210527
0.7294526315789474
0.2153105263157895
0.32313684210526317
0.8418315789473684
0.26267894736842107
0.3407631578947368
0.3039
0.4054631578947368
0.21116315789473686
0.7639473684210527
0.7102421052631579
0.17492105263157895
0.3849947368421052
0.5435736842105263
0.9840315789473685
0.8259526315789474
0.9928052631578946
0.46475263157894736
0.9460526315789473
0.5284368421052632
0.17874210526315787
0.6991105263157894
0.17980526315789472
0.9736578947368422
0.9340894736842106
0.9348578947368421
0.9288631578947367
0.8976631578947369
0.4694263157894737
0.9009263157894737
0.16837894736842104
0.37491052631578947
0.8196421052631578
0.38316842105263155
0.18784210526315792
0.21952105263157898
0.15070526315789476
0.2323421052631579
0.17507894736842103
